 8.02842792e-001 -1.65104615e+000
 9.14032827e-001 9.83098955e-001
 1.51860225e+000 9.78617627e-001
 1.87321608e+000 -1.43614587e-001
 1.44452675e+000 8.73959844e-001
 -7.41959162e-001 8.06176028e-002
 1.75606377e+000 -1.02566189e+000
 1.30401919e+000 1.64416047e-001
 -2.55429374e+000 5.88558143e-001
 -1.17371025e+000 -4.63940782e-001
 -3.49388128e-001 -2.33865467e+000
 6.07277692e-001 -5.84326532e-002
 -1.47087297e-002 1.73951296e+000
 -4.59794708e-001 -1.06985700e-001
 -7.51294185e-001 2.07903492e-001
 -6.65101197e-001 -2.62164651e-001
 2.26772362e+000 -6.37973142e-002
 -9.32613895e-001 1.74402896e-001
 3.52783640e-001 4.10215412e-001
 4.47028680e-001 2.17408380e+000
 1.80318161e+000 -6.06187116e-001
 2.06947122e-001 1.03039341e+000
 1.23989322e-001 1.46476574e+000
 -1.71959746e-001 -5.14423368e-001
 -8.24858516e-001 8.19306754e-001
 1.26135237e+000 1.81221134e+000
 1.09530357e+000 1.38954101e-001
 -1.35296394e+000 -6.92997547e-001
 8.23297515e-001 -7.93862557e-001
 5.65398903e-001 -6.70682137e-001
 -9.71872700e-002 -3.93602746e-001
 1.88738132e-001 2.73334570e-001
 -1.05907789e+000 4.61478654e-001
 1.58503760e+000 5.00309607e-001
 -6.72763138e-001 -5.17417324e-001
 -1.62731902e+000 -7.59540487e-001
 6.96473033e-001 -2.71711872e-001
 -9.68844393e-001 -2.31400307e-001
 7.35662641e-001 4.64306062e-001
 -8.95800795e-001 1.37622770e+000
 -3.68545848e-001 -1.01657711e+000
 4.24987137e-001 -7.76677456e-001
 -3.84429619e-001 3.80937563e-001
 -7.69965240e-002 2.68929941e-001
 -1.82023969e-001 1.67743986e+000
 7.39400991e-001 -1.07107227e+000
 6.08907954e-001 1.92817883e+000
 -4.69223852e-001 -3.08259312e+000
 1.49707150e+000 1.01124762e+000
 4.77860580e-001 -7.58472747e-001
 -6.16682656e-001 5.16041239e-001
 -3.90644618e-001 1.55686101e+000
 7.76448855e-001 6.02899175e-001
 1.79661968e-001 1.85401677e-001
 -6.60482631e-001 -3.13496490e-001
 -1.73681376e-001 -4.73385438e-001
 -1.10228352e+000 -1.22447134e+000
 -3.46182498e-001 1.11932327e+000
 1.24754736e+000 -1.89272709e-001
 1.03878112e+000 -1.43014921e+000
 2.63728612e+000 -5.41275928e-001
 1.00925364e+000 5.43211524e-001
 1.71909685e+000 -5.20234549e-001
 9.09784785e-001 7.25893891e-001
 -5.08726864e-001 -1.57494492e+000
 4.78939837e-001 1.18724014e+000
 -1.05973462e+000 8.74628252e-003
 -1.96169445e+000 6.03879366e-001
 -8.62648745e-001 -4.83211010e-001
 1.73625608e+000 -1.22862075e+000
 -9.38916943e-001 1.66761137e-001
 -8.02956518e-001 5.06272776e-001
 1.52998564e+000 -1.20151097e+000
 7.85070917e-001 1.43714764e+000
 3.17329345e+000 6.52759304e-001
 -3.93096726e-001 -3.48416902e-001
 -1.84036048e-001 -5.34902324e-001
 -1.17083778e+000 -3.24184042e-001
 -1.80854651e-001 -7.11796307e-001
 6.74552807e-001 -1.02237023e+000
 -2.41578592e-001 -1.62081693e-001
 8.87852132e-001 3.71583193e-001
 -4.21140780e-001 -1.43863542e+000
 9.10358738e-001 -1.98969004e-001
 1.24390760e+000 -3.41216835e-001
 1.06168388e-001 1.71144114e+000
 -1.27986520e-001 -1.60623098e+000
 5.91402180e-001 3.51912901e-001
 -3.72086335e-001 3.15376024e+000
 -1.36378380e+000 -1.18654085e+000
 7.35273977e-001 -8.36330832e-001
 -2.34191521e+000 -9.41830965e-001
 -4.89151998e-001 4.24599515e-001
 9.60658261e-001 -7.53405721e-001
 -2.82166883e-001 -1.48040704e+000
 -1.58616867e+000 5.81330044e-001
 1.10131021e-001 -1.69304229e-001
 1.22627925e+000 -1.07898437e+000
 5.47519917e-002 8.70971948e-001
 2.18375428e-001 5.99094807e-001
 4.54531031e+000 4.85679561e+000
 3.71586245e+000 5.08848687e+000
 4.99333873e+000 4.54177297e+000
 5.27619885e+000 5.74638145e+000
 4.46512808e+000 6.07086114e+000
 4.04080036e+000 5.72663903e+000
 3.97159627e+000 4.71191593e+000
 5.81815121e+000 6.51279333e+000
 4.96550722e+000 6.95868926e+000
 4.82804196e+000 5.62768238e+000
 4.07520184e+000 5.22837227e+000
 5.23842585e+000 5.78389051e+000
 3.27494421e+000 4.36595041e+000
 4.02486798e+000 5.92720605e+000
 4.16805012e+000 7.03097142e+000
 5.09538172e+000 4.48449800e+000
 3.58884937e+000 4.39681946e+000
 3.96709343e+000 4.12027148e+000
 5.34904171e+000 3.26404196e+000
 3.03748354e+000 5.01091859e+000
 7.12620972e+000 5.26169173e+000
 5.41893384e+000 5.30965639e+000
 3.62121752e+000 5.85794249e+000
 6.02343019e+000 3.70411563e+000
 5.15753662e+000 4.90261225e+000
 5.20006137e+000 5.72837801e+000
 3.54738764e+000 6.16369657e+000
 4.09812241e+000 5.87479456e+000
 4.88007799e+000 3.87643569e+000
 7.41847288e+000 4.75206929e+000
 4.85207975e+000 4.80452974e+000
 5.48104690e+000 5.76081398e+000
 5.48169744e+000 4.84786742e+000
 5.40789010e+000 5.68665131e+000
 2.67355126e+000 5.67819837e+000
 3.79599676e+000 6.00401119e+000
 6.30848291e+000 5.95485747e+000
 4.06803807e+000 5.60560940e+000
 5.50053141e+000 5.66295687e+000
 4.50852845e+000 2.79439118e+000
 6.18088568e+000 3.04747876e+000
 5.78231366e+000 3.55557640e+000
 3.64637668e+000 6.26795201e+000
 4.85052987e+000 4.82228239e+000
 4.28025458e+000 3.51960269e+000
 3.96216732e+000 5.77115139e+000
 4.87652522e+000 4.38730303e+000
 5.84772827e+000 4.27316229e+000
 1.77556779e+000 3.18009812e+000
 5.12224092e+000 3.49052216e+000
 7.18512205e+000 3.07833025e+000
 5.54054346e+000 4.09950418e+000
 3.26455113e+000 5.87847418e+000
 5.77160579e+000 3.80965327e+000
 4.51441790e+000 3.92343413e+000
 5.72387852e+000 3.86899689e+000
 6.43308534e+000 4.41783829e+000
 3.69012242e+000 4.73378990e+000
 3.26454704e+000 4.88554864e+000
 4.34179546e+000 6.04814030e+000
 2.68561442e+000 2.85015670e+000
 3.93505633e+000 4.73172203e+000
 4.14368549e+000 5.78183225e+000
 5.45294641e+000 5.40182759e+000
 4.87585619e+000 6.80998919e+000
 3.67374919e+000 4.43999821e+000
 5.32402377e+000 4.11985461e+000
 4.77675425e+000 4.76024751e+000
 5.37422131e+000 4.87730362e+000
 6.00807486e+000 4.40485801e+000
 4.25851961e+000 4.36240503e+000
 4.00345092e+000 5.30137629e+000
 4.98050325e+000 5.32052811e+000
 5.35094809e+000 3.89567825e+000
 3.71869205e+000 5.92690832e+000
 5.60651179e+000 4.88224214e+000
 3.42030828e+000 5.11366726e+000
 5.31025146e+000 4.72130944e+000
 6.94412617e+000 3.77269669e+000
 2.65169696e+000 5.21006146e+000
 6.25396882e+000 4.74743397e+000
 5.29924231e+000 3.38873649e+000
 6.72285046e+000 5.98505868e+000
 5.08435722e+000 4.06806154e+000
 4.18084671e+000 6.57164508e+000
 5.75014376e+000 4.95390748e+000
 5.92700887e+000 5.14050471e+000
 5.17536641e+000 4.75191122e+000
 5.55309692e+000 4.85200908e+000
 4.51472763e+000 4.33968020e+000
 4.58496365e+000 6.22787958e+000
 5.30779181e+000 3.74672644e+000
 6.58064912e+000 4.89471149e+000
 4.79813623e+000 6.75538341e+000
 4.35387190e+000 4.18146477e+000
 5.46556602e+000 5.87670348e+000
 5.39563223e+000 4.15730900e+000
 3.62614721e+000 5.16260031e+000
 4.15039518e+000 4.51498839e+000
 4.45521090e+000 4.58166153e+000
 1.60265939e-001 -1.06234105e+000
 3.01041955e-001 7.45224055e-001
 4.66466153e-001 3.27604070e-001
 9.02927267e-001 9.91053356e-001
 -3.79004114e-001 1.84875078e+000
 -2.83776881e-001 -3.37572261e+000
 2.81614998e+000 4.24887669e+000
 4.72136853e+000 6.24685730e+000
 4.05926612e+000 4.21292118e+000
 5.43192756e+000 4.80107228e+000
 4.12106670e+000 5.19128114e+000
 4.94160501e+000 6.32005915e+000
